2 0.006348 31505.986137
4 0.009220 43383.947939
6 0.020546 29202.764528
8 0.011531 69378.197901
10 0.004555 219538.968167
12 0.011410 105170.902717
14 0.009693 144434.127721
2 0.003646 54854.635217
4 0.001794 222965.440357
6 0.001354 443131.462334
8 0.005019 159394.301654
10 0.005234 191058.463890
12 0.003118 384862.091084
14 0.007866 177981.184846
2 0.023982 8339.588024
4 0.010445 38295.835328
6 0.029615 20260.003377
8 0.045864 17442.874586
10 0.021980 45495.905369
12 0.003490 343839.541547
14 0.014601 95883.843572
2 0.007141 28007.281893
4 0.004226 94652.153336
6 0.039887 15042.495049
8 0.011962 66878.448420
10 0.009354 106906.136412
12 0.003001 399866.711096
14 0.017736 78935.498421
2 0.005414 36941.263391
4 0.013643 29319.064722
6 0.005429 110517.590717
8 0.019971 40058.084222
10 0.007547 132502.981317
12 0.008437 142230.650705
14 0.005566 251527.128997
2 0.000708 282485.875706
4 0.000656 609756.097561
6 0.000967 620475.698035
8 0.001013 789733.464956
10 0.002528 395569.620253
12 0.002422 495458.298927
14 0.003108 450450.450450
20 0.021754 91937.115013
24 0.014401 166655.093396
2 0.001227 162999.185004
4 0.000661 605143.721634
6 0.001450 413793.103448
8 0.001086 736648.250460
10 0.002673 374111.485223
12 0.003369 356188.780053
14 0.003552 394144.144144
20 0.002240 892857.142857
24 0.008976 267379.679144
